1.634369506
1.634369506
1.634369506
1.634369506
1.634369506
1.634369506
1.634369506
1.634369506
1.634369506
1.634369506
1.634369506
1.230957651
1.230890520
1.230823248
1.230823248
1.230823248
1.230823248
1.230823248
1.230823248
1.230823248
1.230823248
1.230823248
1.230823248
1.230823248
1.230823248
1.230823248
1.230823248
1.230823248
1.230823248
1.230823248
1.230823248
1.230823248
1.230823248
1.230823248
1.230823248
1.230823248
1.230823248
1.230823248
1.230823248
1.230823248
1.230823248
1.230823248
1.230823248
1.230823248
1.230823248
1.230823248
1.230823248
1.230823248
1.230823248
1.230823248
1.230823248
1.230823248
1.230823248
1.230823248
1.230823248
1.230823248
1.230823248
1.230823248
1.230823248
1.230823248
1.230823248
1.230823248
1.230823248
1.230823248
1.230823248
1.230823248
1.230823248
1.230823248
1.230823248
1.230823248
1.230823248
1.230823248
1.230823248
1.230823248
1.230823248
1.230823248
1.230823248
1.230823248
1.230823248
1.230823248
1.230823248
1.230823248
1.230823248
1.230823248
1.230823248
1.230823248
1.230823248
1.230823248
1.230823248
1.230823248
1.230823248
1.230823248
1.230823248
1.230823248
1.230823248
1.230823248
1.230823248
1.230823248
1.230823248
1.230823248
1.230823248
1.230823248
1.230823248
1.230823248
1.230823248
1.230823248
1.230823248
1.230823248
1.230823248
1.230823248
1.230823248
1.230823248
1.230823248
1.230823248
1.230823248
1.230823248
1.230823248
1.230823248
1.230823248
1.230823248
1.230823248
1.230823248
1.230823248
1.230823248
1.230823248
1.230823248
1.230823248
1.230823248
1.230823248
1.230823248
1.230823248
1.230823248
1.230823248
1.230823248
1.230823248
1.230823248
1.230823248
1.230823248
1.230823248
1.230823248
1.230823248
1.230823248
1.230823248
1.230823248
1.230823248
1.230823248
1.230823248
1.230823248
1.230823248
1.230823248
1.230823248
1.230823248
1.230823248
1.230823248
1.230823248
1.230823248
1.230823248
1.230823248
1.230823248
1.230823248
1.230823248
1.230823248
1.230823248
1.230823248
1.230823248
1.230823248
1.230823248
1.230823248
1.230823248
1.230823248
1.230823248
1.230823248
1.230823248
1.230823248
1.230823248
1.230823248
1.230823248
1.230823248
1.230823248
1.230823248
1.230823248
1.230823248
1.230823248
1.230823248
1.230823248
1.230823248
1.230823248
1.230823248
1.230823248
1.230823248
1.230823248
1.230823248
1.230823248
1.230823248
1.230823248
1.230823248
1.230823248
1.230823248
1.230823248
1.230823248
1.230823248
1.230823248
1.230823248
1.230823248
1.230823248
1.230823248
1.230823248
1.230823248
1.230823248
1.230823248
1.230823248
1.230823248
1.230823248
1.230823248
1.230823248
1.230823248
1.230823248
1.230823248
1.230823248
1.230823248
1.230823248
1.230823248
1.230823248
1.230823248
1.230823248
1.230823248
1.230823248
1.230823248
1.230823248
1.230823248
1.230823248
1.230823248
1.230823248
1.230823248
1.230823248
1.230823248
1.230823248
1.230823248
0.270420845
0.270420845
0.270420845
0.270420845
0.258477441
0.258477441
0.258477441
0.258474925
0.258466350
0.258466350
0.258466350
0.258466350
0.258466350
0.258466350
0.258466350
0.258466350
0.258466350
0.258466350
0.258466350
0.258466350
0.258466350
0.258466350
0.258466350
0.258466350
0.258466350
0.258466350
0.258466350
0.258466350
0.258466350
0.258466350
0.258466350
0.258466350
0.258466350
0.258466350
0.258466350
0.258466350
0.258466350
0.258466350
0.258466350
0.258466350
0.258466350
0.258466350
0.258466350
0.258466350
0.258466350
0.258466350
0.258466350
0.258466350
0.258466350
0.258466350
0.258466350
0.258466350
0.258466350
0.258466350
0.258466350
0.258466350
0.258466350
0.258466350
0.258466350
0.258466350
0.258466350
0.258466350
0.258466350
0.258466350
0.258466350
0.258466350
0.258466350
0.258466350
0.258466350
0.258466350
0.258466350
0.258466350
0.258466350
0.258466350
0.258466350
0.258466350
0.258466350
0.258466350
0.258466350
0.258466350
0.258466350
0.258466350
0.258466350
0.258466350
0.258466350
0.258466350
0.258466350
0.258466350
0.258466350
0.258466350
0.258466350
0.258466350
0.258466350
0.258466350
0.258466350
0.258466350
0.258466350
0.258466350
0.258466350
0.258466350
0.258466350
0.258466350
0.258466350
0.258466350
0.258466350
0.258466350
0.258466350
0.258466350
0.258466350
0.258466350
0.258466350
0.258466350
0.258466350
0.258466350
0.258466350
0.258466350
0.258466350
0.258466350
0.258466350
0.258466350
0.258466350
0.258466350
0.258466350
0.258466350
0.258466350
0.258466350
0.258466350
0.258466350
0.258466350
0.258466350
0.258466350
0.258466350
0.258466350
0.258466350
0.258466350
0.258466350
0.258466350
0.258466350
0.258466350
0.258466350
0.258466350
0.258466350
0.258466350
0.258466350
0.258466350
0.258466350
0.258466350
0.258466350
0.258466350
0.258466350
0.258466350
0.258466350
0.258466350
0.258466350
0.258466350
0.258466350
0.258466350
0.258466350
0.258466350
0.258466350
0.258466350
0.258466350
0.258466350
0.258466350
0.258466350
0.258466350
0.258466350
0.258466350
0.258466350
0.258466350
0.258466350
0.258466350
0.258466350
0.258466350
0.258466350
0.258466350
0.258466350
0.251815459
0.251815459
0.251815459
0.251815459
0.251815459
0.251815459
0.251815459
0.251815459
0.251815459
0.251815459
0.251815459
0.251815459
0.251815459
0.251815459
0.251815459
0.251815459
0.251815459
0.251815459
0.251815459
0.251815459
0.251815459
0.251815459
0.251815459
0.251815459
0.251815459
0.251815459
0.251815459
0.251815459
0.251815459
0.251815459
0.251815459
0.251815459
0.251815459
0.251815459
0.251815459
0.251815459
0.251815459
0.251815459
0.251815459
0.251815459
0.251815459
0.251815459
0.251815459
0.251815459
0.251815459
0.251815459
0.251815459
0.251815459
0.251815459
0.251815459
0.251815459
0.251815459
0.251815459
0.251815459
0.251815459
0.251815459
0.251815459
0.251815459
0.251815459
0.251815459
0.251815459
0.251815459
0.251815459
0.251815459
0.251815459
0.251815459
0.251815459
0.251815459
0.251815459
0.251815459
0.251815459
0.251815459
0.251815459
0.251815459
0.251815459
0.251815459
0.251815459
0.251815459
0.251815459
0.251815459
0.251815459
0.251815459
0.251815459
0.251815459
0.251815459
0.251815459
0.251815459
0.251815459
0.251815459
0.251815459
0.251815459
0.251815459
0.251815459
0.251815459
0.251815459
0.251815459
0.251815459
0.251815459
0.251815459
0.251815459
0.251815459
0.251815459
0.251815459
0.251815459
0.251815459
0.251815459
0.251815459
0.251815459
0.251815459
0.251815459
0.251815459
0.251815459
0.251815459
0.251815459
0.251815459
0.251815459
0.251815459
0.251815459
0.251815459
0.251815459
0.251815459
0.251815459
0.251815459
0.251815459
0.251815459
0.251815459
0.251815459
0.251815459
0.251815459
0.251815459
0.251815459
0.251815459
0.251815459
0.251815459
0.251815459
0.251815459
0.251815459
0.251815459
0.251815459
0.251815459
0.251815459
0.251815459
0.251815459
0.251815459
0.251815459
0.251815459
0.251815459
0.251815459
0.251815459
0.251815459
0.251815459
0.251815459
0.251815459
0.251815459
0.251815459
0.251815459
0.251815459
0.251815459
0.251815459
0.042982215
0.042982215
0.042982215
0.042982215
0.042982215
0.042982215
0.042982215
0.042982215
0.042982215
0.042982215
0.042982215
0.042982215
0.042982215
0.042982215
0.042982215
0.042982215
0.042982215
0.042982215
0.042982215
0.042982215
0.042982215
0.042982215
0.042982215
0.042982215
0.042982215
0.042982215
0.042982215
0.042982215
0.042982215
0.042982215
0.042982215
0.042982215
0.042982215
0.042982215
0.042982215
0.042982215
0.042982215
0.042982215
0.042982215
0.042982215
0.042982215
0.042982215
0.042982215
0.042982215
0.042982215
0.042982215
0.042982215
0.042982215
0.042982215
0.042982215
0.042982215
0.042982215
0.042982215
0.042982215
0.042982215
0.042982215
0.006967507
0.006858630
0.006858630
0.006858630
0.006858630
0.006858630
0.006858630
0.006858630
0.006858630
0.006858630
0.006858630
0.006858630
0.006858630
0.006858630
0.006858630
0.006858630
0.006858630
0.006858630
0.006858630
0.006858630
0.006858630
0.006858630
0.006858630
0.006858630
0.006858630
0.006858630
0.006858630
0.006858630
0.006858630
0.006858630
0.006858630
0.006858630
0.006858630
0.006858630
0.006858630
0.006858630
0.006858630
0.006858630
0.006858630
0.006858630
0.006858630
0.006858630
0.006858630
0.006858630
0.006858630
0.006858630
0.006858630
0.006858630
0.006858630
0.006858630
0.006858630
0.006858630
0.006858630
0.006858630
0.006858630
0.006858630
0.006858630
0.006858630
0.006858630
0.006858630
0.006858630
0.006858630
0.006858630
0.006858630
0.006858630
0.006858630
0.006858630
0.006858630
0.006858630
0.006858630
0.006858630
0.006858630
0.006858630
0.006858630
0.006858630
0.006858630
0.006858630
0.006858630
0.006858630
0.006858630
0.006858630
0.006858630
0.006858630
0.006858630
0.006858630
0.006858630
0.006858630
0.006858630
0.006858630
0.006858630
0.006858630
0.006858630
0.006858630
0.006858630
0.006858630
0.006858630
0.006858630
0.006858630
0.006858630
0.006858630
0.006858630
0.006858630
0.006858630
0.006858630
0.006858630
0.003866750
0.003670380
0.003670380
0.003670380
0.003670380
0.003613425
0.003613425
0.003613425
0.003613425
0.003613425
0.003613425
0.003613425
0.003613425
0.003613425
0.003613425
0.003613425
0.003613425
0.003613425
0.003613425
0.003613425
0.003613425
0.003613425
0.003613425
0.003613425
0.003613425
0.003613425
0.003613425
0.003613425
0.003613425
0.003613425
0.003613425
0.003613425
0.003613425
0.003613425
0.003613425
0.003613425
0.003613425
0.003613425
0.003613425
0.003613425
0.003613425
0.003613425
0.003613425
0.003613425
0.003613425
0.003613425
0.003613425
0.003613425
0.003613425
0.003613425
0.003541418
0.003423850
0.003423850
0.003423850
0.003277647
0.003277647
0.003277647
0.003277647
0.003277647
0.003277647
0.003277647
0.003277647
0.003277647
0.003277647
0.003277647
0.003277647
0.003277647
0.003277647
0.003277647
0.003277647
0.003277647
0.003277647
0.003277647
0.003277647
0.003277647
0.003277647
0.003277647
0.003277647
0.003277647
0.003277647
0.003277647
0.003277647
0.003277647
0.003277647
0.003277647
0.003277647
0.003277647
0.003277647
0.003277647
0.003277647
0.003277647
0.003277647
0.003277647
0.003277647
0.003277647
0.003277647
0.003277647
0.003277647
0.003277647
0.003277647
0.003277647
0.003277647
0.003277647
0.003277647
0.003277647
0.003277647
0.003277647
0.003277647
0.003277647
0.003277647
0.003277647
0.003277647
0.003277647
0.003277647
0.003277647
0.003277647
0.003277647
0.003277647
0.003277647
0.003277647
0.003277647
0.003277647
0.003277647
0.003277647
0.003277647
0.003277647
0.003277647
0.003277647
0.003277647
0.003277647
0.003277647
0.003277647
0.003277647
0.003277647
0.003277647
0.003277647
0.003277647
0.003277647
0.003277647
0.003277647
0.003277647
0.003277647
0.003277647
0.003277647
0.003277647
0.003277647
0.003277647
0.003277647
0.003277647
0.003277647
0.003277647
0.003277647
0.003277647
0.003277647
0.003277647
0.003277647
0.003277647
0.003277647
0.003277647
0.003277647
0.003277647
0.003277647
0.003277647
0.003277647
0.003277647
0.003277647
0.003277647
0.003277647
0.003277647
0.003277647
0.003277647
0.003277647
0.003277647
0.003277647
0.003277647
0.003277647
0.003277647
0.003277647
0.003277647
0.003277647
0.003277647
0.003277647
0.003277647
0.003277647
0.003277647
0.003277647
0.003277647
0.003277647
0.003277647
0.003277647
0.003277647
0.003277647
0.003277647
0.003277647
0.003277647
0.003277647
0.003277647
0.003277647
0.003277647
0.003277647
0.003277647
0.003277647
0.003277647
0.003277647
0.003277647
0.003277647
0.003277647
0.003277647
0.003277647
0.003277647
0.003277647
0.003277647
0.003277647
0.003277647
0.003277647
0.003277647
0.003277647
0.003277647
0.003277647
0.003277647
0.003277647
0.003277647
0.003277647
0.003277647
0.003277647
0.003277647
0.003277647
0.003277647
0.003277647
0.003277647
0.003277647
0.003277647
0.003277647
0.003277647
0.003277647
0.003277647
0.003277647
0.003277647
0.003277647
0.003277647
0.003277647
0.003277647
0.003277647
0.003277647
0.003277647
0.003277647
0.003277647
0.003277647
0.003277647
0.003277647
0.003277647
0.003277647
0.003277647
0.003277647
0.003277647
0.003277647
0.003277647
0.003277647
0.003277647
0.003277647
0.003277647
0.003277647
0.003277647
0.003277647
0.003277647
0.003277647
0.003277647
0.003277647
0.003277647
0.003277647
0.003277647
0.003277647
0.003277647
0.003277647
0.003277647
0.003277647
0.003277647
0.003277647
0.003277647
0.003277647
0.003277647
0.003277647
0.003277647
0.003277647
0.003277647
0.003277647
0.003277647
0.003277647
0.003277647
0.003277647
0.003277647
0.003277647
0.003277647
0.003277647
0.003277647
0.003277647
0.003277647
0.003277647
0.003277647
0.003277647
0.003277647
0.003277647
0.003277647
0.003277647
0.003277647
0.003277647
0.003277647
0.003277647
0.003277647
0.003277647
0.003277647
0.003277647
0.003277647
0.003277647
0.003277647
0.003277647
0.003277647
0.003277647
0.003277647
0.003277647
0.003277647
0.003277647
0.003277647
0.003277647
0.003277647
0.003277647
0.003277647
0.003277647
0.003277647
0.003277647
0.003277647
0.003277647
0.003277647
0.003277647
0.003277647
0.003277647
0.003277647
0.003277647
0.003277647
0.003277647
0.003277647
0.003277647
0.003277647
0.003277647
0.003277647
0.003277647
0.003277647
0.003277647
0.003277647
0.003277647
0.003277647
0.003277647
0.003277647
0.003277647
0.003277647
0.003277647
0.003277647
0.003277647
0.003277647
0.003277647
0.003277647
0.003277647
0.003277647
0.003277647
0.003277647
0.003277647
0.003277647
0.003277647
0.003277647
0.003277647
0.003277647
0.003277647
0.003277647
0.003277647
0.003277647
0.003277647
0.003277647
0.003277647
0.003277647
0.003277647
0.003277647
0.003277647
0.003277647
0.003277647
0.003277647
0.003277647
0.003277647
0.003277647
0.003277647
0.003277647
0.003277647
0.003277647
0.003277647
0.003277647
0.003277647
0.003277647
0.003277647
0.003261651
0.003258522
0.003258522
0.003257710
0.003257710
0.003257710
0.003257710
0.003257710
0.003257710
0.003257710
0.003257710
0.003257710
0.003257710
0.003257710
0.003257710
0.003257710
0.003257710
0.003257710
0.003257710
0.003257710
0.003257710
0.003257710
0.003257710
0.003257710
0.003257710
0.003257710
0.003257710
0.003257710
0.003257710
0.003257710
0.003257710
0.003257710
0.003257710
0.003257710
0.003257710
0.003257710
0.003257710
0.003257710
0.003257710
0.003257710
0.003257710
0.003257710
0.003257710
0.003257710
0.003257710
0.003257710
0.003257710
0.003257710
0.003257710
0.003257710
0.003257710
0.003257710
0.003257710
0.003257710
0.003257710
0.003257710
0.003257710
0.003257710
0.003257710
0.003257710
0.003257710
0.003257710
0.003257710
0.003257710
0.003257710
0.003257710
0.003257710
0.003257710
0.003257710
0.003257710
0.003257710
0.003257710
0.003257710
0.003257710
0.003257710
0.003257710
0.003257710
0.003257710
0.003257710
0.003257710
0.003257710
0.003257710
0.003257710
0.003257710
0.003257710
0.003257710
0.003257710
0.003257710
0.003257710
0.003257710
0.003257710
0.003257710
0.003257710
0.003257710
0.003257710
0.003257710
0.003257710
0.003257710
0.003257710
0.003257710
0.003257710
0.003257710
0.003257710
0.003257710
0.003257710
0.003257710
0.003257710
0.003257710
0.003257710
0.003257710
0.003257710
0.003257710
0.003257710
0.003257710
0.003257710
0.003257710
0.003257710
0.003257710
0.003257710
0.003257710
0.003257710
0.003257710
0.003257710
0.003257710
0.003257710
0.003257710
0.003257710
0.003257710
0.003257710
0.003257710
0.003257710
0.003257710
0.003257710
0.003257710
0.003257710
0.003257710
0.003257710
0.003257710
0.003257710
0.003257710
0.003257710
0.003257710
0.003257710
0.003257710
0.003257710
0.003257710
0.003257710
0.003257710
0.003257710
0.003257710
0.003257710
0.003257710
0.003257710
0.003257710
0.003257710
0.003257710
0.003257710
0.003257710
0.003257710
0.003257710
0.003257710
0.003257710
0.003257710
0.003257710
0.003257710
0.003257710
0.003257710
0.003257710
0.003257710
0.003257710
0.003257710
0.003257710
0.003257710
0.003257710
0.003257710
0.003257710
0.003257710
0.003257710
0.003257710
0.003257710
0.003257710
0.003257710
0.003257710
0.003257710
0.003257710
0.003257710
0.003257710
0.003257710
0.003257710
0.003257710
0.003257710
0.003257710
0.003257710
0.003257710
0.003257710
0.003257710
0.003257710
0.003257710
0.003257710
0.003257710
0.003257710
0.003257710
0.003257710
0.003257710
0.003257710
0.003257710
0.003257710
0.003257710
0.003257710
0.003257710
0.003257710
0.003257710
0.003257710
0.003257710
0.003257710
0.003257710
0.003257710
0.003257710
0.003257710
0.003257710
0.003257710
0.003257710
0.003257710
0.003257710
0.003257710
0.003257710
0.003257710
0.003257710
0.003257710
0.003257710
0.003257710
0.003257710
0.003257710
0.003257710
0.003257710
0.003257710
0.003257710
0.003257710
0.003257710
0.003257710
0.003257710
0.003257710
0.003257710
0.003257710
0.003257710
0.003257710
0.003257710
0.003257710
0.003257710
0.003257710
0.003257710
0.003257710
0.003257710
0.003257710
0.003257710
0.003257710
0.003257710
0.003257710
0.003257710
0.003257710
0.003257710
0.003257710
0.003257710
0.003257710
0.003257710
0.003257710
0.003257710
0.003257710
0.003257710
0.003257710
0.003257710
0.003257710
0.003257710
0.003257710
0.003257710
0.003257710
0.003257710
0.003257710
0.003253248
0.003253248
0.003253248
0.003253248
0.003253248
0.003253248
0.003253248
0.003253248
0.003253248
0.003253248
0.003253248
0.003253248
0.003253248
0.003253248
0.003253248
0.003253248
0.003253248
0.003253248
0.003253248
0.003253248
0.003253248
0.003253248
0.003253248
0.003253248
0.003253248
0.003253248
0.003253248
0.003253248
0.003253248
0.003253248
0.003253248
0.003253248
0.003253248
0.003253248
0.003253248
0.003253248
0.003253248
0.003253248
0.003253248
0.003253248
0.003253248
0.003253248
0.003253248
0.003253248
0.003253248
0.002777801
0.002777801
0.002777801
0.002777801
0.002777801
0.002777801
0.002777801
0.002777801
0.002777801
0.002777801
0.002777801
0.002777801
0.002777801
0.002777801
0.002777801
0.002777801
0.002777801
0.002777801
0.002777801
0.002777801
0.002777801
0.002777801
0.002777801
0.002777801
0.002777801
0.002777801
0.002777801
0.002777801
0.002777801
0.002777801
0.002777801
0.002777801
0.002777801
0.002777801
0.002777801
0.002777801
0.002777801
0.002777801
0.002777801
0.002777801
0.002777801
0.002777801
0.002777801
0.002777801
0.002777801
0.002777801
0.002777801
0.002777801
0.002777801
0.002777801
0.002777801
0.002777801
0.002777801
0.002777801
0.002777801
0.002777801
0.002777801
0.002777801
0.002777801
0.002777801
0.002777801
0.002777801
0.002777801
0.002777801
0.002777801
0.002777801
0.002777801
0.002777801
0.002777801
0.002777801
0.002777801
0.002777801
0.002777801
0.002777801
0.002777801
0.002777801
0.002777801
0.002777801
0.002777801
0.002777801
0.002777801
0.002777801
0.002777801
0.002777801
0.002777801
0.002777801
0.002777801
0.002777801
0.002777801
0.002777801
0.002777801
0.002777801
0.002777801
0.002777801
0.002777801
0.002777801
0.002777801
0.002777801
0.002777801
0.002777801
0.002777801
0.002777801
0.002777801
0.002777801
0.002600152
0.002600152
0.002600152
0.002600152
0.002600152
0.002600152
0.002600152
0.002600152
0.002600152
0.002600152
0.002600152
0.002600152
0.002600152
0.002600152
0.002600152
0.002600152
0.002600152
0.002600152
0.002600152
0.002600152
0.002600152
0.002600152
0.002600152
0.002600152
0.002600152
0.002600152
0.002600152
0.002600152
0.002600152
0.002600152
0.002600152
0.002600152
0.002600152
0.002600152
0.002600152
0.002600152
0.002600152
0.002600152
0.002600152
0.002600152
0.002600152
0.002600152
0.002600152
0.002600152
0.002600152
0.002600152
0.002600152
0.002600152
0.002600152
0.002600152
0.002600152
0.002600152
0.002600152
0.002600152
0.002600152
0.002600152
0.002600152
0.002600152
0.002600152
0.002600152
0.002600152
0.002600152
0.002600152
0.002600152
0.002600152
0.002600152
0.002600152
0.002600152
0.002600152
0.002600152
0.002600152
0.002600152
0.002600152
0.002600152
0.002600152
0.002600152
0.002600152
0.002600152
0.002600152
0.002600152
0.002600152
0.002600152
0.002600152
0.002600152
0.002600152
0.002600152
0.002600152
0.002600152
0.002600152
0.002600152
0.002600152
0.002600152
0.002600152
0.002600152
0.002600152
0.002600152
0.002600152
0.002600152
0.002600152
0.002600152
0.002600152
0.002600152
0.002600152
0.002600152
0.002600152
0.002600152
0.002600152
0.002600152
0.002600152
0.002600152
0.002600152
0.002600152
0.002600152
0.002600152
0.002600152
0.002600152
0.002600152
0.002600152
0.002600152
0.002600152
0.002600152
0.002600152
0.002600152
0.002600152
0.002600152
0.002600152
0.002600152
0.002600152
0.002600152
0.002600152
0.002600152
0.002600152
0.002600152
0.002600152
0.002600152
0.002600152
0.002600152
0.002600152
0.002600152
0.002600152
0.002600152
0.002600152
0.002600152
0.002600152
0.002600152
0.002600152
0.002600152
0.002600152
0.002600152
0.002600152
0.002600152
0.002600152
0.002600152
0.002600152
0.002535894
0.002535894
0.001964817
0.001688355
0.001688355
0.001688355
0.001688355
0.001563838
0.001563838
0.001563838
0.001563838
0.001527619
0.001527619
0.001527619
0.001527619
0.001527619
0.001522817
0.001522817
0.001522817
0.001522817
0.001522817
0.001522817
0.001520320
0.001475698
0.001474826
0.001474793
0.001474387
0.001474387
0.001474285
0.001474285
0.001474285
0.001474285
0.001474285
0.001474285
0.001473403
0.001473403
0.001473403
0.001473403
0.001473403
0.001473403
0.001473403
0.001472913
0.001472913
0.001472913
0.001472913
0.001472913
0.001472913
0.001472913
0.001472913
0.001472913
0.001472913
0.001472913
0.001472913
0.001472913
0.001472913
0.001472913
0.001472913
0.001472913
0.001472913
0.001472913
0.001472913
0.001472913
0.001472913
0.001472913
0.001472913
0.001472913
0.001472913
0.001472913
0.001472913
0.001472913
0.001472913
0.001472913
0.001472913
0.001472913
0.001472913
0.001472913
0.001472913
0.001472913
0.001472913
0.001472913
0.001472913
0.001472913
0.001472913
0.001472913
0.001472913
0.001472913
0.001472913
0.001472913
0.001472913
0.001472913
0.001472913
0.001472913
0.001472913
0.001472913
0.001472913
0.001472913
0.001472913
0.001472913
0.001472913
0.001472913
0.001472913
0.001472913
0.001395411
0.001360145
0.001360145
0.001360145
0.001360145
0.001360145
0.001360145
0.001360145
0.001360145
0.001360145
0.001360145
0.001360145
0.001360145
0.001360145
0.001360145
0.001360145
0.001360145
0.001360145
0.001360145
0.001360145
0.001360145
0.001360145
0.001360145
0.001360145
0.001360145
0.001360145
0.001360145
0.001360145
0.001360145
0.001360145
0.001360145
0.001360145
0.001360145
0.001360145
0.001360145
0.001360145
0.001360145
0.001360145
0.001360145
0.001359395
0.001359395
0.001359395
0.001359395
0.001359395
0.001359395
0.001359395
0.001359395
0.001359395
0.001359290
0.001359290
0.001359290
0.001359290
0.001359290
0.001359290
0.001359290
0.001358356
0.001358356
0.001355698
0.001355698
0.001355698
0.001352273
0.001351570
0.001351570
0.001348711
0.001344946
0.001344946
0.001344946
0.001344946
0.001344946
0.001344946
0.001344946
0.001344946
0.001344946
0.001342499
0.001342499
0.001342499
0.001342499
0.001342499
0.001342499
0.001342499
0.001342499
0.001342499
0.001342499
0.001342499
0.001342499
0.001342499
0.001341814
0.001341814
0.001341814
0.001341082
0.001341082
0.001341082
0.001341082
0.001341082
0.001341082
0.001341082
0.001341082
0.001341082
0.001341082
0.001340544
0.001340544
0.001340544
0.001340544
0.001340544
0.001249429
0.001188859
0.001188859
0.001180242
0.001180242
0.001180242
0.001178771
0.001178771
0.001178771
0.001178771
0.001178771
0.001178771
0.001178771
0.001178771
0.001178771
0.001178771
0.001178771
0.001178771
0.001178771
0.001178771
0.001178771
0.001178771
0.001178771
0.001178771
0.001178771
0.001178771
0.001178771
0.001178771
0.001178771
0.001178771
0.001178771
0.001178771
0.001178771
0.001178771
0.001178771
0.001178771
0.001178771
0.001178771
0.001178771
0.001178771
0.001178771
0.001178771
0.001178771
0.001178771
0.001178771
0.001178771
0.001178771
0.001178771
0.001178771
0.001178771
0.001178771
0.001178771
0.001178771
0.001178771
0.001178771
0.001178771
0.001178771
0.001178771
0.001178771
0.001178771
0.001178771
0.001178771
0.001178771
0.001178771
0.001178771
0.001178771
0.001178771
0.001178771
0.001178771
0.001178771
0.001173670
0.001168807
0.001157418
0.001157418
0.001157418
0.001157418
0.001157418
0.001148839
0.001148839
0.001146585
0.001146585
0.001146585
0.001146585
0.001146585
0.001127305
0.001127305
0.001127305
0.001127305
0.001127305
0.001127305
0.001127305
0.001127305
0.001127305
0.001127305
0.001127305
0.001127305
0.001127305
0.001127305
0.001127305
0.001127305
0.001127305
0.001127305
0.001127305
0.001127305
0.001127305
0.001127305
0.001072156
0.001072156
0.001069666
0.001069666
0.001068974
0.001066488
0.001066488
0.001066471
0.001064261
0.001064261
0.001064230
0.001064230
0.001064230
0.001064230
0.001064230
0.001064230
0.001064230
0.001064230
0.001064230
0.001064230
0.001064230
0.001064230
0.001064230
0.001064230
0.001064230
0.001064230
0.001064230
0.001064230
0.001064230
0.001064230
0.001064230
0.001064230
0.001064230
0.001064230
0.001064230
0.001064230
0.001064230
0.001064230
0.001064230
0.001064230
0.001064230
0.001064230
0.001064230
0.001064230
0.001064230
0.001064230
0.001064230
0.001064230
0.001064230
0.001064230
0.001064230
0.001064230
0.001064230
0.001064230
0.001064230
0.001064230
0.001064230
0.001064230
0.001064230
0.001064230
0.001064230
0.001064230
0.001064230
0.001064230
0.001064230
0.001064230
0.001064230
0.001064230
0.001064230
0.001064230
0.001064230
0.001064230
0.001064230
0.001064230
0.001064230
0.001064230
0.001064230
0.001064230
0.001064230
0.001064230
0.001064230
0.001064230
0.001064230
0.001064230
0.001064230
0.001064230
0.001064230
0.001064230
0.001064230
0.001064230
0.001064230
0.001064230
0.001064230
0.001064230
0.001064230
0.001064230
0.001064230
0.001064230
0.001064230
0.001064230
0.001064230
0.001064230
0.001064230
0.001064230
0.001064230
0.001064230
0.001064230
0.001064230
0.001064230
0.001064230
0.001064230
0.001064230
0.001064230
0.001064230
0.001064230
0.001064230
0.001064230
0.001064230
0.001064230
0.001064230
0.001064230
0.001064230
0.001064230
0.001064230
0.001064230
0.001064230
0.001064230
0.001064230
0.001064230
0.001064230
0.001064230
0.001064230
0.001064230
0.001064230
0.001064230
0.001064230
0.001064230
0.001064230
0.001064230
0.001064230
0.001064230
0.001064230
0.001064230
0.001064230
0.001064230
0.001064230
0.001064230
0.001064230
0.001064230
0.001064230
0.001064230
0.001064230
0.001064230
0.001064230
0.001064230
0.001064230
0.001064230
0.001064230
0.001064230
0.001064230
0.001064230
0.001064230
0.001064230
0.001064230
0.001064230
0.001064230
0.001064230
0.001064230
0.001064230
0.001064230
0.001064230
0.001064230
0.001064230
0.001064230
0.001064230
0.001064230
0.001064230
0.001064230
0.001064230
0.001064230
0.001064230
0.001064230
0.001064230
0.001064230
0.001064230
0.001064230
0.001064230
0.001064230
0.001064230
0.001064230
0.001064230
0.001064230
0.001064230
0.001064230
0.001064230
0.001064230
0.001064230
0.001064230
0.001064230
0.001064230
0.001064230
0.001064230
0.001064230
0.001064230
0.001064230
0.001064230
0.001064230
0.001064230
0.001064230
0.001064230
0.001064230
0.001064230
0.001064230
0.001064230
0.001064230
0.001064230
0.001064230
0.001064230
0.001064230
0.001064230
0.001064230
0.001064230
0.001064230
0.001064230
0.001064230
0.001064230
0.001064230
0.001064230
0.001064230
0.001064230
0.001064230
0.001064230
0.001061807
0.001061803
0.001061803
0.001061795
0.001061792
0.001061788
0.001061786
0.001061786
0.001061783
0.001061783
0.001061783
0.001061783
0.001061775
0.001061775
0.001061774
0.001061774
0.001061774
0.001061774
0.001061774
0.001061774
0.001061774
0.001061774
0.001061774
0.001061774
0.001061774
0.001061774
0.001061774
0.001061774
0.001061774
0.001061774
0.001061774
0.001061774
0.001061774
0.001061774
0.001061774
0.001061774
0.001061774
0.001061774
0.001061774
0.001061774
0.001061774
0.001061774
0.001061774
0.001061774
0.001061774
0.001061774
0.001061774
0.001061774
0.001061774
0.001061774
0.001061774
0.001061774
0.001061774
0.001061774
0.001061774
0.001061774
0.001061774
0.001061774
0.001061774
0.001061774
0.001061774
0.001061774
0.001061774
0.001061774
0.001061774
0.001061774
0.001061774
0.001061774
0.001061774
0.001061774
0.001061774
0.001061774
0.001061774
0.001061774
0.001061774
0.001061774
0.001061774
0.001061774
0.001061774
0.001061774
0.001061774
0.001061774
0.001061774
0.001061774
0.001061774
0.001061774
0.001061774
0.001061774
0.001061701
0.001060227
0.001058978
0.001057930
0.001056444
0.001055986
0.001055631
0.001055631
0.001055631
0.001055631
0.001035501
0.001035501
0.001035501
0.001031148
0.001031148
0.001030829
0.001027543
0.001027543
0.001027543
0.001026654
0.001026090
0.001025718
0.001023771
0.001021825
0.001021825
0.001019051
0.001016710
0.001016710
0.001016293
0.001016208
0.001016207
0.001016207
0.001016206
0.001016206
0.001016206
0.001016206
0.001016202
0.001016202
0.001016202
0.001016202
0.001016202
0.001016202
0.001016202
0.001016202
0.001016202
0.001016202
0.001016202
0.001016202
0.001016202
0.001016202
0.001016202
0.001016202
0.001016202
0.001007601
0.001007601
0.001007601
0.001007601
0.001007601
0.001007601
0.001007601
0.001007601
0.001007601
0.001007601
0.001007601
0.001007601
0.001007601
0.001007601
0.001007601
0.001007601
0.001007601
0.001007601
0.001007601
0.001007601
0.001007601
0.001007601
0.001007601
0.001007601
0.001007601
0.001007601
0.001007601
0.001007601
0.001007601
0.001007601
0.001007601
0.001007601
0.001007601
0.001007601
0.001007601
0.001007601
0.001007601
0.001007601
0.001007601
0.001007601
0.001007601
0.001007601
0.001007601
0.001007601
0.001007601
0.001007601
0.001007601
0.001007601
0.001007601
0.001007601
0.001007601
0.001007601
0.001007601
0.001007601
0.001007601
0.001007601
0.001007052
0.001004860
0.001004492
0.001002867
0.001001902
0.001001250
0.001000336
0.000999313
0.000998947
0.000998120
0.000997196
0.000996185
0.000995956
0.000995525
0.000995232
0.000994122
0.000993782
0.000993492
0.000992967
0.000992967
0.000992835
0.000992318
0.000992229
0.000991713
0.000991496
0.000991253
0.000991061
0.000990835
0.000990574
0.000990433
0.000990328
0.000990076
0.000989947
0.000989792
0.000989792
0.000989681
0.000989560
0.000989560
0.000989495
0.000989462
0.000989462
0.000989376
0.000989337
0.000989315
0.000989315
0.000989306
0.000989306
0.000989306
0.000989306
0.000989306
0.000983180
0.000979893
0.000977477
0.000975969
0.000975728
0.000975706
0.000975706
0.000975706
0.000975706
0.000975706
0.000975706
0.000975706
0.000975706
0.000975706
0.000975706
0.000975706
0.000975706
0.000975706
0.000975706
0.000975706
0.000975706
0.000975706
0.000975706
0.000975706
0.000975706
0.000975706
0.000975706
0.000975706
0.000975706
0.000975706
0.000975706
0.000975706
0.000975706
0.000975706
0.000975706
0.000975706
0.000975706
0.000975706
0.000975706
0.000975706
0.000975706
0.000975706
0.000975706
0.000975706
0.000975706
0.000975706
0.000975706
0.000975706
0.000975706
0.000975706
0.000975706
0.000975706
0.000975706
0.000974966
0.000974966
0.000974966
0.000974966
0.000974966
0.000974966
0.000974966
0.000974966
0.000974966
0.000974966
0.000974966
0.000974966
0.000974966
0.000974966
0.000974966
0.000974966
0.000974966
0.000974966
0.000974966
0.000974966
0.000974966
0.000974966
0.000974966
0.000974966
0.000974966
0.000974966
0.000974966
0.000974966
0.000974966
0.000974966
0.000974966
0.000974966
0.000974966
0.000974966
0.000974966
0.000974966
0.000974966
0.000974966
0.000974966
0.000974966
0.000974966
0.000974966
0.000974966
0.000974966
0.000974966
0.000974966
0.000974966
0.000974966
0.000974966
0.000974966
0.000974966
0.000974966
0.000974966
0.000974966
0.000974966
0.000974966
0.000974966
0.000974966
0.000974966
0.000974966
0.000974966
0.000974966
0.000974966
0.000974966
0.000974966
0.000974966
0.000974966
0.000974966
0.000974966
0.000974966
0.000974966
0.000974966
0.000974966
0.000974966
0.000974966
0.000974966
0.000974966
0.000974966
0.000974966
0.000974966
0.000974966
0.000974966
0.000974966
0.000974966
0.000974966
0.000974966
0.000974966
0.000974966
0.000974966
0.000974966
0.000974966
0.000974966
0.000974966
0.000974966
0.000974966
0.000974966
0.000974966
0.000974966
0.000974966
0.000974966
0.000974966
0.000974966
0.000974966
0.000974966
0.000974966
0.000974966
0.000974966
0.000974966
0.000974966
0.000974966
0.000974361
0.000972766
0.000971462
0.000969902
0.000968760
0.000967869
0.000966782
0.000966347
0.000965768
0.000965327
0.000965100
0.000964761
0.000964506
0.000964304
0.000964042
0.000963816
0.000963574
0.000963352
0.000963184
0.000963040
0.000962818
0.000962632
0.000962387
0.000962269
0.000962077
0.000961950
0.000961770
0.000961634
0.000961478
0.000961336
0.000961202
0.000960987
0.000960887
0.000960740
0.000960599
0.000960444
0.000960302
0.000960205
0.000960098
0.000959970
0.000959795
0.000959709
0.000959628
0.000959522
0.000959415
0.000959329
0.000959195
0.000959154
0.000959044
0.000958932
0.000958851
0.000958758
0.000958699
0.000957968
0.000957690
0.000957385
0.000957150
0.000956947
0.000956687
0.000956605
0.000956459
0.000956379
0.000956356
0.000956318
0.000956311
0.000956304
0.000956298
0.000956291
0.000956285
0.000956278
0.000956272
0.000956266
0.000956260
0.000956254
0.000956249
0.000956243
0.000956238
0.000956232
0.000956227
0.000956222
0.000956217
0.000956212
0.000956207
0.000956202
0.000956197
0.000956193
0.000956189
0.000956184
0.000956180
0.000956176
0.000956172
0.000956168
0.000956164
0.000956160
0.000956156
0.000956152
0.000956149
0.000956145
0.000956142
0.000956138
0.000956136
0.000956132
0.000956129
0.000956126
0.000956123
0.000956120
0.000956117
0.000956076
0.000956076
0.000956076
0.000956076
0.000956076
0.000956076
0.000956076
0.000956076
0.000956076
0.000956076
0.000956076
0.000956076
0.000956076
0.000956076
0.000956076
0.000956076
0.000956076
0.000956076
0.000956076
0.000956076
0.000956076
0.000956076
0.000956076
0.000956076
0.000956076
0.000956076
0.000956076
0.000956076
0.000956076
0.000956076
0.000956076
0.000956076
0.000956076
0.000956076
0.000956076
0.000956076
0.000956076
0.000956076
0.000956076
0.000956076
0.000956076
0.000956076
0.000956076
0.000956076
0.000956076
0.000956076
0.000956076
0.000956076
0.000956076
0.000956076
0.000956076
0.000956076
0.000956076
0.000956076
0.000956076
0.000956076
0.000956074
0.000956072
0.000956070
0.000956068
0.000956066
0.000956064
0.000956062
0.000956060
0.000956058
0.000956057
0.000956056
0.000956054
0.000956052
0.000956051
0.000956049
0.000956048
0.000956047
0.000956045
0.000956044
0.000956043
0.000956042
0.000956040
0.000956040
0.000956038
0.000956037
0.000956036
0.000956035
0.000956035
0.000956034
0.000956033
0.000956032
0.000956031
0.000956031
0.000956030
0.000956029
0.000956028
0.000956028
0.000956027
0.000956027
0.000956026
0.000956026
0.000956025
0.000956025
0.000956024
0.000956023
0.000956023
0.000956023
0.000956022
0.000956022
0.000956021
0.000956021
0.000956021
0.000956017
0.000956012
0.000956006
0.000956000
0.000955995
0.000955990
0.000955985
0.000955980
0.000955976
0.000955971
0.000955967
0.000955963
0.000955959
0.000955956
0.000955952
0.000955949
0.000955946
0.000955943
0.000955940
0.000955938
0.000955935
0.000955933
0.000955931
0.000955928
0.000955926
0.000955924
0.000955923
0.000955921
0.000955919
0.000955918
0.000955916
0.000955915
0.000955913
0.000955912
0.000955911
0.000955910
0.000955909
0.000955908
0.000955907
0.000955906
0.000955905
0.000955905
0.000955904
0.000955903
0.000955903
0.000955902
0.000955902
0.000955901
0.000955901
0.000955900
0.000955900
0.000955899
0.000955899
0.000955899
0.000955898
0.000955898
0.000955898
0.000955898
0.000955897
0.000955897
0.000955897
0.000955897
0.000955897
0.000955897
0.000955897
0.000955897
0.000955897
0.000955897
0.000955896
0.000955896
0.000955896
0.000955896
0.000955896
0.000955896
0.000955896
0.000955896
0.000955896
0.000955896
0.000955896
0.000955896
0.000955896
0.000955896
0.000955896
0.000955896
0.000955896
0.000955896
0.000955896
0.000955896
0.000955896
0.000955896
0.000955896
0.000955896
0.000955896
0.000955896
0.000955896
0.000955896
0.000955896
0.000955896
0.000955896
0.000955896
0.000955896
0.000955896
0.000955896
0.000955896
0.000955896
0.000955896
0.000955896
0.000955896
0.000955896
0.000955896
0.000955896
0.000955896
0.000955896
0.000955896
0.000955896
0.000955896
0.000955896
0.000955896