0.417392528
0.417169469
0.416947431
0.416947431
0.416947431
0.416947431
0.416947431
0.416947431
0.416947431
0.416947431
0.416947431
0.416947431
0.416947431
0.416947431
0.416947431
0.416947431
0.416947431
0.416947431
0.416947431
0.416947431
0.416947431
0.416947431
0.416947431
0.416947431
0.416947431
0.416947431
0.416947431
0.416947431
0.416947431
0.416947431
0.416947431
0.416947431
0.416947431
0.416947431
0.416947431
0.416947431
0.416947431
0.416947431
0.416947431
0.416947431
0.416947431
0.416947431
0.416947431
0.416947431
0.416947431
0.416947431
0.416947431
0.416947431
0.416947431
0.416947431
0.416947431
0.416947431
0.416947431
0.416947431
0.416947431
0.416947431
0.416947431
0.416947431
0.416947431
0.416947431
0.416947431
0.416947431
0.416947431
0.416947431
0.416947431
0.416947431
0.416947431
0.416947431
0.416947431
0.416947431
0.416947431
0.416947431
0.372704119
0.372704119
0.372704119
0.372704119
0.372704119
0.372704119
0.372704119
0.372704119
0.372704119
0.372704119
0.372704119
0.372704119
0.372704119
0.372704119
0.359025063
0.347562366
0.331154190
0.324801570
0.324801570
0.324801570
0.317751021
0.317476811
0.317476811
0.317476811
0.317476811
0.317476811
0.317476811
0.317476811
0.305430638
0.305430638
0.305430638
0.305430638
0.305430638
0.305430638
0.305430638
0.305430638
0.305430638
0.305430638
0.305430638
0.305430638
0.305430638
0.305430638
0.305430638
0.305430638
0.305430638
0.305430638
0.305430638
0.305430638
0.305367540
0.305367540
0.296446736
0.296446736
0.296340731
0.296123248
0.295449954
0.294238203
0.293234997
0.293234997
0.293234997
0.293234997
0.292959042
0.292959042
0.292959042
0.292959042
0.292959042
0.292959042
0.292959042
0.292959042
0.292959042
0.292959042
0.292959042
0.292959042
0.292959042
0.292959042
0.292959042
0.292959042
0.292959042
0.292959042
0.292959042
0.292959042
0.292959042
0.292959042
0.292959042
0.292959042
0.292959042
0.292959042
0.292959042
0.292959042
0.292959042
0.292959042
0.292959042
0.292959042
0.292959042
0.292959042
0.292959042
0.292959042
0.292959042
0.292959042
0.292959042
0.292959042
0.292959042
0.292959042
0.292959042
0.292959042
0.292959042
0.292959042
0.292959042
0.292959042
0.292959042
0.292959042
0.292959042
0.292959042
0.272497868
0.269509129
0.262809634
0.262809634
0.262576452
0.262576452
0.262576452
0.262576452
0.262576452
0.262576452
0.262576452
0.262576452
0.262576452
0.262576452
0.260843143
0.260843143
0.260843143
0.260843143
0.258599677
0.258599677
0.255661375
0.255661375
0.255661375
0.255661375
0.255661375
0.255661375
0.255661375
0.255661375
0.255661375
0.255661375
0.255661375
0.255661375
0.255661375
0.255661375
0.255661375
0.255661375
0.255661375
0.255661375
0.255661375
0.255661375
0.255661375
0.249121220
0.249119236
0.249119236
0.249119236
0.249119236
0.249119236
0.249008201
0.239374993
0.239374993
0.238402679
0.238402679
0.238402679
0.237178608
0.233929232
0.229389335
0.228864343
0.228864343
0.228864343
0.228864343
0.228864343
0.228864343
0.228864343
0.228864343
0.228864343
0.228864343
0.216035879
0.215290236
0.210830484
0.181133045
0.181133045
0.181133045
0.181133045
0.181133045
0.181133045
0.181133045
0.181133045
0.181133045
0.181133045
0.181133045
0.181133045
0.180479723
0.175002725
0.174458015
0.174458015
0.174458015
0.174452030
0.174452030
0.174452030
0.174452030
0.174452030
0.174452030
0.174452030
0.162332042
0.162296045
0.162296045
0.162194764
0.162194764
0.162090163
0.162090163
0.158369240
0.158369240
0.158369240
0.158369240
0.158369240
0.158369240
0.158369240
0.158369240
0.158369240
0.157169447
0.157169447
0.151573830
0.151214363
0.148288251
0.148089268
0.147557770
0.147557264
0.147557016
0.147557008
0.147543247
0.147543247
0.147543247
0.147543247
0.147543247
0.147543247
0.147543247
0.146594281
0.146497172
0.146487334
0.146487334
0.146487334
0.146485515
0.146485515
0.146485515
0.146485515
0.146413152
0.146306436
0.146168979
0.146094591
0.146070459
0.146070459
0.146070459
0.146070459
0.146070459
0.146070459
0.146070459
0.146070459
0.146070459
0.146070459
0.146070459
0.146070459
0.146070459
0.146070459
0.139630591
0.139601581
0.139601581
0.139601581
0.139601581
0.139601581
0.139588486
0.139557984
0.139557984
0.139557984
0.139557984
0.139557984
0.139557984
0.139557984
0.139557984
0.139557984
0.139557984
0.139557984
0.139557984
0.139557984
0.135886221
0.135616043
0.134664822
0.134659075
0.134654568
0.134649913
0.134646668
0.133286262
0.133270636
0.133257283
0.133257283
0.133257283
0.133257283
0.133257283
0.133257283
0.133257283
0.133257283
0.133257283
0.133257283
0.133257283
0.133257283
0.133257283
0.133257283
0.133257283
0.133257283
0.133257283
0.133054125
0.132741210
0.132706928
0.132703722
0.132698151
0.132689461
0.132681621
0.132343985
0.132332732
0.132332173
0.132330923
0.132328118
0.132325175
0.131951191
0.131531458
0.131330912
0.131186455
0.131167675
0.131106359
0.131089838
0.131024355
0.131007515
0.130999951
0.130990015
0.130983901
0.130980420
0.130977242
0.130963618
0.130941230
0.130920702
0.130904379
0.130887858
0.130874073
0.130864304
0.130863662
0.130863448
0.130863359
0.130863083
0.130862956
0.130862841
0.130685402
0.130560850
0.130498275
0.130448137
0.130413049
0.130397118
0.130318987
0.130308056
0.130291300
0.130287364
0.130287364
0.130287364
0.130287364
0.130279691
0.130265868
0.130244919
0.130233607
0.130227965
0.130224275
0.130220192
0.130215693
0.130211701
0.130209228
0.130205492
0.130202509
0.130199994
0.130198018
0.130197472
0.130196715
0.130196189
0.130195692
0.130195095
0.130194699
0.130194699
0.130194699
0.130194699
0.130194699
0.130194687
0.130194676
0.130194628
0.130194628
0.130194628
0.130194628
0.130194628
0.130194628
0.130194593
0.130194575
0.130194562
0.130194562
0.130194562
0.130194562
0.130194562
0.130194556
0.130194504
0.130194464
0.130194430
0.130194430
0.130194406
0.130194389
0.130194378
0.130194378
0.130194368
0.130194359
0.130194352
0.130194347
0.130194342
0.130194342
0.130194342
0.130194342
0.130194342
0.130194342
0.130194342
0.130194338
0.130194338
0.130194338
0.130194338
0.130194338